233

· 5110111011. 53 24 00501100 78 2, 05501100 784

15100081 20 50100 24 20

5011110110. 583 50110 7 8, 245, 55 30, 501100 ‚ ,

5001104117 - ·. 249, 256, 50110112412
«Ichthys prom. 44 21, 5011111111 501110 0101151041 30

44 30 50111111 110107 29, 426, 5916,
50001011119 501101101184, 422, 4411,
5000 montis 2519, 58 22, ab 57 253 50111111 pelagus 46 25,

50000 monte 26 6 “ 59 4
Jgilium 69 16 ionium Vibone 49 ‘4
ab 511000 tempestabe 73 13 5010 19 13
5110011 544 ’ - 500 110. 58 2 .
5110110110 01110 54 3 ⁴ Jovis Dodonaei templum 43 12
51101000 (Sardiniae) 60 27 - ⁸ 50110 mone 53 14, ·- montem
5110 26 3, 412 5320 ’ ,1
511000 5613 - ’ 50010 Olympii delubrum 433 “
511111οὶ0 gentibus 45 30 Jphigeniee 358 · ’
5111110111 46 16 500111 6 28
,Illyrios 36 17, 464 5000 ins. 58 27
,Illyris 8 5 5 5011010οἱ110 20 19
51νο 110. 66 17 - 1500002018, 5000 20 21 ,
51111100 110. 57 2 ’ 50111111οο0 11000 44 13·
5100111011. 45 1 (5011110015011111139 23, 50111110
5101646, 51010611, 51· 4422, 1011110138 29, 449,

- 000 6 3, 72 23 45 15

510107618, 5101110789 501011111486 ·
5101010 aequoribus 72 25 1510111186, 4617, 5101111048 17,
51010111 mare 76 20, 510101 1 5101101149 25, 5911, 609
11011066 1511111000 gentes 47 30, 51011010
- 5101010 00001110 5 12, 510101111 1016510461
oceanum 5 17 γ » 110111 populi 40 00
51010 fl. 78 8.13; 5111100110 510110010101160 15
7828, 51007621, 781 5111000110. 57 27
,Inferum 11010 46 23 1 51111001ος10 11 4
5010 (Caesarea) ll 3 15110000 19 l
501000 i. q. Larissa 42 20 · “ ,Iugurthae 10 27

15*

 

